46 47 -1.2065525088641419e-06
41 43 -6.812983489930691e-07
43 48 -3.1439531904403086e-07
29 37 -7.108905867108891e-08
19 21 -5.537879837713114e-08
23 26 -4.639701276434459e-08
17 27 -3.281061576593377e-08
12 14 -7.712049011660178e-09
41 42 -6.023940012176571e-09
15 24 -1.8300703241507735e-09
14 18 -6.884690159549706e-10
12 15 -2.274782390178278e-10
14 15 -9.916601803497231e-11
26 31 -6.769597455844566e-11
46 51 -7.414446931853363e-13
3 7 -4.987179831432431e-13
20 21 -3.451307165405759e-13
2 5 -1.0361782504068884e-13
1 2 -6.57866773209892e-14
3 6 -2.2589758839550167e-14
31 32 -4.992832319458684e-15
10 17 -2.9981984776827897e-15
23 29 -2.769160768745227e-15
7 16 -2.347650069137175e-15
10 16 -1.2758891165809416e-15
3 4 -1.0396414631963502e-15
11 12 -6.806079137777754e-17
48 49 -1.7618285302889447e-17
0 1 0.0
5 6 0.0
5 8 0.0
5 9 0.0
5 10 0.0
10 13 0.0
15 23 0.0
16 17 0.0
18 20 0.0
24 26 0.0
25 26 0.0
26 30 0.0
29 34 0.0
30 31 0.0
33 42 0.0
34 36 0.0
34 37 0.0
35 37 0.0
36 38 0.0
37 39 0.0
38 39 0.0
40 41 0.0
44 45 0.0
44 47 0.0
51 53 0.0
52 53 0.0
52 54 0.0
52 55 0.0
54 55 0.0
54 56 0.0
55 56 0.0
21 22 1.1844908734404136e-17
9 10 1.0362262263530209e-16
2 4 7.424407768262531e-14
6 10 8.763080322146677e-14
38 45 6.275213638648469e-13
12 13 1.0830663441292222e-10
9 11 3.161584549932553e-10
7 28 7.853353057110397e-10
14 19 1.0001356753679917e-09
32 33 4.059999762681113e-09
0 3 5.632108046322963e-09
22 25 6.402541195051634e-09
50 52 1.5930263253845093e-08
44 46 2.2137401862627466e-07
48 50 4.78143849848067e-07
46 49 1.2025812105656303e-06
