43 20 1
55 40 1
4 24 1
38 12 1
56 45 1
24 38 1
49 41 1
15 3 1
48 17 1
48 46 1
0 4 1
50 43 1
43 46 1
2 51 1
8 42 1
55 0 1
32 6 1
34 16 1
14 52 1
14 8 1
18 27 1
28 33 1
25 56 1
10 29 1
25 23 1
34 49 1
15 56 1
33 0 1
41 31 1
7 43 1
49 3 1
31 1 1
1 37 1
41 29 1
21 7 1
25 42 1
38 20 1
53 49 1
36 5 1
35 14 1
13 34 1
9 16 1
13 36 1
7 9 1
47 35 1
0 46 1
40 32 1
27 37 1
40 10 1
24 17 1
20 25 1
45 40 1
17 4 1
48 10 1
31 52 1
3 55 1
33 55 1
51 19 1
16 35 1
41 23 1
30 35 1
20 13 1
3 14 1
16 32 1
56 46 1
48 11 1
5 48 1
4 21 1
40 44 1
29 33 1
47 37 1
56 53 1
9 23 1
4 48 1
27 38 1
