0 1 1
0 3 1
1 2 1
2 4 1
2 5 1
3 4 1
3 6 1
3 7 1
5 9 1
5 6 1
5 10 1
5 8 1
6 10 1
7 16 1
7 28 1
9 11 1
9 10 1
10 13 1
10 16 1
10 17 1
11 12 1
12 13 1
12 14 1
12 15 1
14 18 1
14 19 1
14 15 1
15 23 1
15 24 1
16 17 1
17 27 1
18 20 1
19 21 1
20 21 1
21 22 1
22 25 1
23 26 1
23 29 1
24 26 1
25 26 1
26 30 1
26 31 1
29 34 1
29 37 1
30 31 1
31 32 1
32 33 1
33 42 1
34 36 1
34 37 1
35 37 1
36 38 1
37 39 1
38 39 1
38 45 1
40 41 1
41 42 1
41 43 1
43 48 1
44 45 1
44 46 1
44 47 1
46 47 1
46 49 1
46 51 1
48 49 1
48 50 1
50 52 1
51 53 1
52 53 1
52 54 1
52 55 1
54 55 1
54 56 1
55 56 1
